output/人口密度1.txt
ncols         229
nrows         194
xllcorner     190233.87771154
yllcorner     2491447.1182891
cellsize      50
NODATA_value  -9999
[rows 100 to 149 of 194, columns 96 to 191 of 229]
0.29 0.1 0.09 0.1 0.1 0.1 0.1 0.1 0.07 0.06 0.06 0.85 0.11 0.24 0.13 0.15 0.15 0.1 0.15 0 0 0 0 0 0 0 0 0 0 0 0 0 0 0 0 0 0 0 0 0 0 0 0 0 0 0 0 0 0 0 0 0 0 0 0 0 0 0 0.16 0.25 0.26 0.18 0.18 0 0 0 0 0 0.02 0.07 0.06 0.06 0.31 0.07 0.09 0.49 0.53 0 0 0 0 0 0 0 0 0 0 0 0 0 0 0.1 0.1 0.1 0.06 0.05
0.28 0.1 0.08 0.04 0.05 0.05 0.05 0.23 0.04 0 0.02 0.02 0.02 0.02 0.02 0.7 0.05 0.06 0.05 0 0 0 0 0 0 0 0 0 0 0 0 0 0 0 0 0 0 0 0 0 0 0 0 0 0 0 0 0 0 0 0 0 0 0 0 0 0 0 0.18 0.22 0.23 0.19 0.18 0 0 0 0 0 0.06 0.07 0.06 0.08 0.07 0.06 0.06 0.51 0.51 0 0 0 0 0 0 0 0 0 0 0 0 0 0 0.11 0.1 0.1 0.06 0.05
0.03 0.04 0.05 0.04 0.02 0.02 0.02 0.02 0.02 0 0.02 0.02 0.02 0.02 0.02 0.05 0.05 0.06 0.05 0 0 0 0 0 0 0 0 0 0 0 0 0 0 0 0 0 0 0 0 0 0 0 0 0 0 0 0 0 0 0 0 0 0 0 0 0 0 0 0.22 0.23 0.17 0.17 0.16 0 0 0 0 0 0.06 0.07 0.06 0.06 0.07 0.07 0.06 0.06 0 0 0 0 0 0 0 0 0 0 0 0 0 0 0 0.1 0.1 0.62 0.06 0.07
0.03 0.02 0.34 0.02 0.02 0.02 0.02 0.02 0.02 0 0.02 0.02 0.02 0.02 0.02 0.05 0.05 0.06 0.05 0 0 0 0 0 0 0 0 0 0 0 0 0 0 0 0 0 0 0 0 0 0 0 0 0 0 0 0 0 0 0 0 0 0 0 0 0 0 0 0.25 0.24 0.22 0.2 0.12 0 0 0 0 0 0.06 0.06 0.07 0.06 0.06 0.06 0.06 0 0 0 0 0 0 0 0 0 0 0 0 0 0 0.06 0.06 0.07 0.05 0.06 0.06 0.06
0.03 0.02 0.02 0.02 0.02 0.02 0.02 0.02 0.02 0 0.02 0.02 0.02 0.02 0.02 0.05 0.05 0.05 0.04 0 0 0 0 0 0 0 0 0 0 0 0 0 0 0 0 0 0 0 0 0 0 0 0 0 0 0 0 0 0 0 0 0 0 0 0 0 0 0 0.22 0.24 0.27 0.18 0.14 0 0 0 0 0 0.06 0.06 0.06 0.02 0.06 0.08 0.06 0 0 0 0 0 0 0 0 0 0 0 0 0 0 0 0 0.06 0.04 0.05 0.06 0.06
0.03 0.02 0.02 0.02 0.02 0.02 0.02 0.02 0.03 0 0 0 0 0 0 0 0 0 0 0 0 0 0 0 0 0 0 0 0 0 0 0 0 0 0 0 0 0 0 0 0 0 0 0 0 0 0 0 0 0 0 0 0 0 0 0 0.28 0 0 0 0 0 0 0 0.14 0.16 0.18 0.15 0 0 0 0 0 0 0 0 0.08 0.08 0.07 0.08 0.08 0.08 0.28 0.3 0.27 0.1 0.1 0.1 0.04 0.04 0.26 0.27 0.31 0.26 0.27 0.34
0.03 0.04 0.02 0 0 0 0 0 0 0 0 0 0 0 0 0 0 0 0 0 0 0 0 0 0 0 0 0 0 0 0 0 0 0 0 0 0 0 0 0 0 0 0 0 0 0 0 0 0 0 0 0 0 0 0 0 0.27 0 0 0 0 0 0 0 0.17 0.11 0.16 0.16 0 0 0 0 0 0 0 0 0.08 0.08 0.08 0.08 0.08 0.08 0.27 0.3 0.26 0.06 0.1 0.12 0.03 0.03 0.31 0.34 0.31 0.3 0.27 0.31
0 0 0 0 0 0 0 0 0 0 0 0 0 0 0 0 0 0 0 0 0 0 0 0 0 0 0 0 0 0 0 0 0 0 0 0 0 0 0 0 0 0 0 0 0 0 0 0 0 0 0 0 0 0 0.2 0 0.26 0 0 4.09 4.1 4.18 3.98 4.09 0.18 0.16 0.15 0.14 0 0 0 0 0 0 0 0 0.08 0.23 1.03 0.08 0.08 0.08 0.26 0.3 0.55 0.5 0 0 0.03 0.04 0.3 0.27 0.24 0.34 0.34 0.26
0 0 0 0 0 0 0 0 0 0 0 0 0 0 0 0 0 0 0 0 0 0 0 0 0 0 0 0 0 0 0 0 0 0 0 0 0 0 0 0 0 0 0 0 0 0 0 0 0 0 0 0 0 0 0 0 0.26 0 0.28 4.17 4.1 4.06 4.11 4.09 0.18 0.17 0.14 0.16 0 0 0 0 0 0 0 0 0.14 0.1 0.14 0.14 0.11 0.14 0.3 0.3 0.56 0.63 0 0 0.03 0.05 0.31 0.33 0.47 0.33 0.32 0.32
0 0 0 0 0 0 0 0 0 0 0 0 0 0 0 0 0 0 0 0 0 0 0 0 0 0 0 0 0 0 0 0 0 0 0 0 0 0 0 0 0 0 0 0 0 0 0 0 0 0 0 0 0 0 0 0 0.26 0.64 0.67 4.04 4.1 4.1 4.1 4.09 0.15 0.16 0.18 0.16 0 0 0 0 0 0 0 0 0.12 0.1 0.16 0.1 0.15 0.14 0.26 0.69 0.3 0.52 0.58 0.55 0.03 0.03 0.31 0.32 0.31 0.29 0.3 0.3
0 0 0 0 0 0 0 0 0 0 0 0 0 0 0 0 0 0 0 0 0 0 0 0 0 0 0 0 0 0 0 0 0 0 0 0 0 0 0 0 0 0 0 0 0 0 0 0.16 0.16 0.16 0 0 0 0 0 0 0.27 0.66 1.27 4.09 4.06 4.1 4.07 4.18 0.18 0.22 0.17 0.15 0 0 0 0 0 0 0 0 0.15 0.14 0.11 0.14 0.1 0.14 0.33 0.32 0.34 0.74 0.56 0.58 0.03 0.03 0.3 0.28 0.3 0.3 0.02 0.02
0 0 0 0 0 0 0 0 0 0 0 0 0 0 0 0 0 0 0 0 0 0 0 0 0 0 0 0 0 0 0 0 0 0 0 0 0 0 0 0 0 0 0 0 0 0 0 0.12 0.13 0.43 0 0 0 0 0 0 1.14 0.66 0.63 3.98 4.12 4.11 4.13 4.1 0.18 0.16 0.17 0.18 0 0 0 0 0 0 0 0 0.08 0.13 0.14 0.14 0.14 0.13 0.22 0.28 0.22 0.26 0.22 0.25 0.47 0.49 0.49 0.02 0.02 0.02 0.04 0.03
0 0 0 0 0 0 0 0 0 0 0 0 0 0 0 0 0 0 0 0 0 0 0 0 0 0 0 0 0 0 0 0 0 0 0 0 0 0 0 0 0 0 0 0 0 0 0 0.16 0.16 0.15 0 0 0 0 0 0 0.42 0.66 0.65 4.09 4.1 4.06 4.03 1.74 0.17 0.17 0.15 0.16 0 0 0 0 0 0 0 0 0.09 0.14 0.12 0.1 0.25 0.25 0.19 0.22 0.22 0.26 0.32 0.26 0.51 0.5 0.51 0.02 0.02 0.03 0.02 0.02
0 0 0 0 0 0 0 0 0 0 0 0 0 0 0 0 0 0 0 0 0 0 0 0 0 0 0 0 0 0 0 0 0 0 0 0 0 0 0 0 0 0 0 0 0 0 0 0.14 0.16 0.16 0 0 0 0 0 0 0.42 0.63 0.74 4.02 1.72 1.64 1.74 1.71 0.14 0.18 0.69 0.18 0 0 0 0 0 0 0 0 0.1 0.29 0.38 2.98 3.07 2.7 0.25 0.26 0.28 0.4 0.28 0.3 0.5 0.45 0.49 0.02 0.02 0.02 0.02 0.02
0 0 0 0 0 0 0 0 0 0 0 0 0 0 0 0 0 0 0 0 0 0 0 0 0 0 0 0 0 0 0 0 0 0 0 0 0 0 0 0 0 0 0 0 0 0 0 0.18 0.15 0.15 0 0 0 0 0 0 0.41 0.66 0.64 1.75 2.03 1.72 1.76 1.75 0.16 0.14 0.14 0.14 0.58 0.53 0.48 0.56 0.48 0.55 0 0 0.37 0.34 0.38 3.53 2.76 2.67 2.63 0.41 0.28 0.23 0.25 0.31 0.48 0.4 0.4 0.27 0.25 0.2 0.26 0.24
0 0 0 0 0 0 0 0 0 0 0 0 0 0 0 0 0 0 0 0 0 0 0 0 0 0 0 0 0 0 0 0 0 0 0 0 0 0 0 0 0 0 0 0 0 0 0 0.13 0.16 0.1 0 0 0 0 0 0 0.4 0.72 0.68 0.66 1.71 1.72 0.22 0.12 0.14 0.14 0.14 0.14 0.57 0.57 0.56 0.56 0.53 0.56 0 0 0.34 0.33 3.07 3.04 2.7 2.76 2.61 2.74 0.3 0.3 0.29 0.4 0.51 0.42 0.29 0.26 0.18 0.26 0.24 0.23
0 0 0 0 0 0 0 0 0 0 0 0 0 0 0 0 0 0 0 0 0 0 0.04 0.05 0.05 0.05 0 0 0 0 0 0 0 0 0 0 0 0 0 0 0 0 0 0 0 0 0 0 0 0 0 0 0 0 0 0 0.61 0.02 0.02 0.02 0.22 0.22 0.23 0.13 0.15 0.14 0.15 0.14 0.57 0.56 0.5 0.55 0.57 0 0 0 0.38 0.37 2.94 3.12 2.71 2.69 2.86 2.78 2.78 0.3 0.25 0.42 0.45 0.43 0.42 0.22 0.24 0.26 0.23 0.17
0 0 0 0 0 0 0 0 0 0 0 0 0 0 0 0 0 0 0 0 0 0 0.04 0.05 0.04 0.05 0 0 0 0 0 0 0 0 0 0 0 0 0 0 0 0 0 0 0 0 0 0 0 0 0 0 0 0 0 0 0.1 0.02 0.02 0.02 0.46 0.18 0.22 0.14 0.17 0.14 0.14 0.12 0.56 0.48 0.54 0 0 0 0 0 0.35 0.42 3.06 3.06 1.34 1.44 2.69 2.66 2.73 2.72 0.28 0.35 0.43 0.42 0.41 0.35 0.25 0.2 0.22 0.2
0 0 0 0 0 0 0 0 0 0 0 0 0 0 0 0 0 0 0 0 0 0 0.06 0.05 0.53 0.05 0 0 0 0 0 0 0 0 0 0 0 0 0 0 0 0 0 0 0 0.05 0 0 0 0 0 0 0 0 0 0 0.05 0.02 0.02 0.02 0.24 0.26 0.23 0.13 0.14 0.14 0.14 0.14 0 0 0 0 0 0 0 0 0.31 0.39 2.96 1.42 1.45 1.43 1.5 2.77 2.76 2.83 2.74 1.52 1.53 1.51 0.4 0.42 0.42 0.26 1.66 1.5
0 0 0 0 0 0 0 0 0 0 0 0 0 0 0 0 0 0 0 0 0 0 0.05 0.06 0.05 0.04 0 0 0 0 0 0 0 0 0 0 0 0 0 0 0 0 0 0 0 0 0 0 0 0 0 0 0 0.09 0.1 0.06 0.06 0.02 0.02 0.01 0.22 0.18 0.18 0.15 0.17 0.13 0.09 0.16 0 0 0 0 0 0 0 0 0.34 0.36 0.4 1.5 1.42 1.45 1.42 1.45 2.74 2.7 2.65 1.6 1.46 1.56 1.61 1.58 0.35 1.62 1.62 1.58
0 0 0 0 0 0 0 0 0 0 0 0 0 0 0 0 0 0 0 0 0 0 0.06 0.05 0.05 0.06 0 0 0 0 0 0 0 0 0 0 0 0 0 0 0 0 0 0 0 0 0 0 0 0 0 0 0.1 0.39 0.09 0.09 0.09 0.06 0.06 0.06 0.18 0.18 0.15 0.17 0.18 0.11 0.16 0.12 0 0 0 0 0 0 0 0 0.17 0.17 0.17 1.44 1.46 1.43 1.54 1.46 1.41 1.42 2.76 1.51 1.62 1.57 1.54 1.57 1.56 1.62 1.55 1.62
0 0 0 0 0 0 0 0 0 0 0 0 0 0 0 0.37 0.33 0 0 0 0 0 0.08 0.08 0.08 0.08 0.1 0.1 0.1 0.1 0.12 0 0 0 0 0 0 0 0 0 0 0 0 0 0 0 0 0 0 0 0 0 0.06 0.06 0.06 0.05 0.05 0.06 0.06 0.05 0.11 0.18 0.18 0.13 0.13 0.18 0.17 0.16 0 0 0 0 0 0 0 0 0.14 0.14 0.17 1.94 1.41 1.47 1.43 1.53 1.42 1.46 0.87 1.54 1.57 1.49 1.58 1.62 1.66 1.57 1.62 1.54
0 0 0 0 0 0 0 0 0 0.33 0.34 0.34 0.36 0.36 0.31 0.34 0.34 0.03 0.03 0 0 0 0.53 0.08 0.08 0.08 0.1 0.08 0.1 0.03 0.07 0 0 0 0 0 0 0 0 0 0 0 0 0 0 0 0 0 0 0 0 0 0.05 0.05 0.05 0.06 0.06 0.05 0.42 0.05 0.19 0.17 0.18 0.17 0.13 0.18 0.14 0.16 0 0 0 0 0 0 0 0 0.18 0.19 1.98 4.2 1.97 1.42 1.41 1.48 1.5 0.84 0.8 0.88 1.54 1.48 2.26 2.33 2.27 5.26 1.62 1.79
0 0 0 0 0 0 0 0 0.29 0.33 0.33 0.33 0.34 0.38 0.31 0.06 0.03 0.05 0.03 0 0 0 0.08 0.07 0.08 0.08 0.08 0.1 0.48 0.1 0.06 0 0 0 0 0 0 0 0 0 0 0 0 0 0 0 0 0 0 0 0 0 0.05 0.06 0.47 0.06 0.05 0.06 0.06 0.06 0.11 0.18 0.18 0.17 0.1 0.18 0.14 0.13 0 0 0 0 0 0 0 0 0.2 0.13 0.1 1.89 1.93 1.8 1.43 1.43 0.85 0.82 0.91 0.88 1.91 1.5 2.22 2.38 2.3 1.6 1.62 1.55
0 0 0 0 0 0 0 0.16 0.14 0.31 0.34 0.3 0.05 0.1 0.58 0.1 0.03 0.03 0.04 0 0 0.08 0.08 0.08 0.08 0.08 0.1 0.08 0.1 0.07 0.12 0 0 0 0 0 0 0 0 0 0 0 0 0 0 0 0 0 0 0 0 0 0.05 0.06 0.05 0.04 0.05 0.06 0.06 0.06 0.36 0.18 0.17 0.11 0.1 0.1 0.1 0.1 0 0 0 0 0 0 0 0 0.17 0.1 0.18 0.14 1.83 1.92 1.88 1.94 0.82 0.82 0.86 1.86 1.75 3.61 2.27 2.35 2.33 1.65 1.66 1.55
0 0 0 0 0 0 0.12 0.16 0.17 0.32 0.35 0.11 0.42 0.06 0.11 0.1 0.03 0.7 0.04 0.02 0.02 0.02 0.08 0.08 0.08 0.08 0.01 0.01 0.01 0.01 0.01 0 0 0 0 0 0 0 0 0 0 0 0 0 0 0 0 0 0 0 0 0 0.01 0.01 0.01 0.02 0.01 0.06 0.51 0.06 0.48 0.51 0.31 0.08 0.06 0.06 0.1 0.1 0 0 0 0 0 0 0 0 0.17 0.1 0.14 0.16 0.28 1.96 1.82 2.06 2.21 0.82 0.85 1.9 1.74 0.78 3.44 3.5 3.4 3.34 3.3 0.15
0 0 0 0 0 0.14 0.18 0.18 0.17 0.11 0.06 0.12 0.12 0.12 0.06 0.14 0.03 0.03 0.03 0.02 0.02 0.02 0.02 0.08 0.08 0.07 0.01 0.01 0.01 0.01 0.01 0 0 0 0 0 0 0 0 0 0 0 0 0 0 0 0 0 0 0 0 0 0.01 0.01 0.22 0.01 0.02 0.06 0.06 0.06 0.5 0.33 0.42 0.26 0.1 0.08 0.1 0.12 0 0 0 0 0 0 0 0 0.18 0.18 0.28 0.29 0.22 0.2 0.02 2.17 2.19 2.13 0.86 0.84 0.81 0.84 3.5 3.52 3.48 3.31 0.2 0.22
0 0 0 0 0.18 0.18 0.16 0.17 0.08 0.11 0.06 0.11 0.05 0.1 0.1 0.11 0.08 0.04 0.03 0.02 0.02 0.02 0.03 0.02 0.26 0.08 0.01 0.01 0.01 0.01 0.01 0 0 0 0 0 0 0 0 0 0 0 0 0 0 0 0 0 0 0 0 0 0.01 0.01 0.01 0.01 0.01 0.06 0.05 0.06 0.06 0.07 0.33 0.06 0.1 0.11 0.1 0.04 0 0 0 0 0 0 0 0 0.16 0.2 0.29 0.29 0.22 0.02 0.02 0.02 2.17 2.21 2.13 0.86 0.75 1.39 3.5 3.53 3.58 0.21 0.2 0.22
0 0 0 0.18 0.11 0.18 0.1 0.06 0.11 0.11 0.13 0.06 0.06 0.1 0.1 0.09 0.03 0.04 0.03 0.02 0.02 0.02 0.03 0.02 0.02 0.02 0.01 0.01 0.01 0.01 0.01 0 0 0 0 0 0 0 0 0 0 0 0 0 0 0 0 0 0 0 0 0 0.01 0.01 0.01 0.01 0.01 0.06 0.05 0.07 0.06 0.02 0.28 0.06 0.11 0.1 0.12 0.12 0 0 0 0 0 0 0 0 0.14 0.19 0.27 0.28 0.28 0.02 0.02 0.02 0.02 2.1 2.18 0.76 0.78 0.76 3.58 3.48 0.22 0.19 0.22 0.21
0 0.16 0.16 0.17 0.12 0.22 0.11 0.12 0.37 0.12 0.11 0.11 0.11 0.1 0.08 0.03 0.03 0.04 0.03 0.22 0.02 0.02 0.02 0.15 0.13 0.11 0.11 0 0 0 0 0 0 0 0.06 0.06 0.06 0.06 0.06 0.6 0.56 0.57 0.56 0.58 0.61 0.61 0.88 0.95 0.52 0.48 0.56 0.54 0.54 0.54 0.56 0.54 0.5 0.06 0.08 0.06 0.06 0.07 0.02 0.02 0.02 0.02 0.02 0.02 0 0 0 0 0 0 0 0 0.24 0.24 0.24 0.22 0.19 0.24 0.06 0.1 0.07 0.1 0.82 0.78 0.79 0.81 0.22 0.2 0.22 0.2 0.22 0.2
0.78 0.1 0.17 0.1 0.11 0.06 0.12 0.07 0.28 0.3 1.02 1.02 1.02 1 0.24 0.22 0.18 0.2 0.24 0.17 0.17 0.09 0.15 0.13 0.11 0.11 0.11 0 0 0 0 0 0 0 0.06 0.06 0.06 0.06 0.06 0.58 0.6 0.58 0.64 0.58 0.57 0.93 0.98 0.95 0.54 0.48 0.53 0.47 0.55 0.48 0.46 0.54 0.58 0.06 0.06 0.06 0.06 0.06 0.02 0.02 0.02 0.02 0.02 0.02 0 0 0 0 0 0 0 0 0.25 0.25 0.22 0.23 0.25 0.2 0.06 0.1 0.1 0.1 0.78 0.82 0.81 0.78 0.19 0.2 0.19 0.17 0.2 0.22
0 0 0 0 0 0 0.26 0.21 0.26 0.26 1.07 1.1 1.08 1.02 0.21 0.22 0.22 0.23 0.23 0.18 0.16 0.13 0.22 0.18 0.14 0.06 0.15 0 0 0 0 0 0 0 0.06 0.58 0.06 0.06 0.58 0.58 0.53 0.59 0.57 0.54 0.58 0.95 0.91 0.93 0.53 1.01 0.66 0.66 0.53 0.56 0.71 0.54 0.62 0.07 0.06 0.06 0.06 0.06 0.02 0.02 0.02 0.02 0.02 0.02 0 0 0 0 0 0 0 0 0.16 0.19 0.22 0.24 0.18 0.26 0.06 0.06 0.1 0.18 0.1 0.84 0.74 0.77 0.79 0.18 -9999 -9999 -9999 -9999
0 0 0 0 0 0 0.26 0.22 1.34 0.26 0.55 1.08 1.06 1.07 1.04 0.2 0.21 0.18 0.16 0.22 0.16 0.14 0.16 0.17 0.15 0.11 0.06 0 0.06 0 0 0 0 0 0.05 0.06 0.06 0.06 0.33 0.37 0.33 0.38 0.37 0.63 0.88 0.88 0.97 0.92 0.56 0.52 0.7 0.55 0.61 0.48 0.47 0.65 0.56 0.06 0.06 0.06 0.1 0.06 0.02 0.12 0.02 0.02 0.02 0.02 0 0 0 0.16 0.16 0.1 0.15 0.16 0.18 0.18 0.15 0.22 0.19 0.06 0.06 0.06 0.1 0.06 0.08 0.05 0.78 0.85 -9999 -9999 -9999 -9999 -9999 -9999
0 0 0 0 0.1 0.1 0.1 0.26 0.21 0.25 0.26 2.03 1.05 0.99 1.04 0.18 0.22 0.48 0.22 0.24 0.17 0.16 0.16 0.3 0.11 0.26 0.13 0.1 0.08 0.34 0.08 0.07 0.07 0.1 0.12 0.11 0.06 0.06 0.34 0.38 0.36 0.36 0.23 0.23 0.2 0.25 0.83 0.9 0.52 0.61 0.55 0.49 0.56 0.56 0.53 0.48 0.49 0.07 0.13 0.06 0.06 0.06 0.02 0.02 0.02 0.02 0.02 0.02 0 0.14 0.15 0.18 0.15 0.15 3.74 0.17 0 0 0.18 0.2 0.21 0.06 0.07 0.07 0.1 0.1 0.39 0.1 0.12 -9999 -9999 -9999 -9999 -9999 -9999 -9999
0 0 0 0.1 0.12 0.15 0.1 0.2 0.26 0.22 0.22 0.91 0.98 1.04 1.08 0.18 0.18 0.23 0.24 0.23 0.37 0.29 0.36 0.34 0.06 0.06 0.06 0.08 0.07 0.07 0.36 0.07 0.06 0.1 0.11 0.11 0.13 0.1 0.38 0.32 0.38 0.25 0.26 0.26 0.24 0.89 0.94 0.94 0.95 0.57 0.66 0.53 0.6 0.55 0.54 0.5 0.54 0 0 0 0 0 0.08 0.08 0.08 0.08 0.08 0.08 0.16 0.15 0.16 0.14 1.05 0.15 0.15 0.15 0 0 0 0 0.22 0.06 0.06 0.06 0.06 0.11 0.1 0.1 0.1 -9999 -9999 -9999 -9999 -9999 -9999 -9999
0 0 0 0.1 0.1 0.06 0.04 0.24 0.25 0.25 0.22 1.02 1.04 1.07 1.04 0.17 0.19 0.18 0.22 0.2 0.35 0.32 0.55 0.35 0.06 0.06 0.06 0.42 0.41 0.4 0.43 0.4 0.45 0.12 0.1 1.64 0.11 0.11 0.3 0.34 0.37 0.22 0.26 0.23 0.26 0.95 0.89 0.88 0.9 0.64 0.5 0.5 0.56 0.53 0 0 0 0 0 0 0 0 0.08 0.08 0.08 0.08 0.07 0.08 0.16 0.16 0.18 0.16 0.15 0.16 0.15 0.1 0 0 0 0 0 0 0.06 0.06 0.06 0.1 0.1 0.1 -9999 -9999 -9999 -9999 -9999 -9999 -9999 -9999
0 0 0 0.09 0.1 0.09 0.02 0.22 0.25 0.23 0.22 1.54 0.96 1.02 0.95 1.26 0.19 0.19 0.19 0.14 0.38 0.32 0.33 0.37 0.09 0.07 0.06 0.37 0.46 0.43 0.42 0.5 0.35 0.1 0.06 0.1 0.74 0.7 0.39 0.37 0.38 0.25 0.24 0.26 0.25 0.93 0.92 0.89 0.93 0 0 0 0 0 0 0 0.44 0 0 0 0 0 0.08 0.06 0.06 0.07 0.05 0.06 0.16 0.14 0.17 0.13 0.16 0.11 0.15 0.16 0 0 0 0 0 0 0 0 0 0.1 0.1 -9999 -9999 -9999 -9999 -9999 -9999 -9999 -9999 -9999
0.06 0.14 0 0.1 0.1 0.3 0.11 0.29 0.24 0.27 0.23 0.36 1.05 0.96 0.93 1.02 0.19 0.18 0.91 0.9 0.35 0.68 0.35 0.48 0.06 0.06 0.08 0.43 0.44 0.74 0.59 0.58 0.42 0.12 0.05 0.1 0.67 0.41 0.38 0.39 0.22 0.21 0.22 0.23 0.18 0.92 0.93 0.83 0.94 0 0 0 0 0 0 0 0 0 0 0 0 0 0.04 0.06 0.05 0.08 0.06 0.11 0.15 0.1 0.1 0.38 0.15 0.1 0.14 0.15 0 0 0 0 0 0 0 0 0 0.1 0.05 -9999 -9999 -9999 -9999 -9999 -9999 -9999 -9999 -9999
0.08 0.14 0.1 0.21 0.62 0.66 0.6 0.42 0.44 0.44 0.47 0.24 0.99 1.04 0.4 0.4 0.99 0.98 0.89 0.98 0 0 0 0 0 0.1 0.1 0.1 0.1 0.09 0.44 0.45 0.42 0.26 0.28 0.22 0.63 0.41 0.37 0.34 0.22 0.22 0.18 0.21 0.18 0.36 0.41 0.36 0.38 0.38 0.01 0.01 0.01 0.01 0.43 0.42 0.38 0.22 0.25 0.23 0.34 0.22 0.22 0.06 0.06 0.06 0.06 0.16 0.16 0.15 0.16 0.17 0.15 0.16 0.16 0 0 0 0 0 0 0 0 0 0 0 -9999 -9999 -9999 -9999 -9999 -9999 -9999 -9999 -9999 -9999
0.22 0.12 0.12 0.12 0.77 0.66 0.7 0.43 0.82 0.77 0.45 0.45 0.35 0.4 0.42 0.4 0.96 0.96 0.88 0.94 0 0 0 0 0 0.05 0.05 0.1 0.11 0.1 0.68 0.44 0.46 0.26 0.49 0.22 0.71 0.62 0.72 0.7 0.7 0.34 0.32 0.39 0.3 0.42 0.37 0.58 0.37 0.38 0.02 0.01 0.01 0.01 0.42 0.7 0.41 0.25 0.27 0.22 0.22 0.22 0.05 0.06 0.06 0.06 0.07 0.15 0.16 0.15 0.17 0.36 0.15 0.15 0.15 0 0 0 0 0 0 0 0 0 0 0 -9999 -9999 -9999 -9999 -9999 -9999 -9999 -9999 -9999 -9999
0.11 0.14 0.12 0.14 0.18 0.2 1.15 0.44 0.39 0.47 0.38 0.62 0.33 0.34 2.23 0.36 0.38 0.94 0.98 0.98 0 0 0 0 0.1 0.04 0.1 0.14 0.31 0.05 0.39 0.45 0.46 0.24 0.26 0.26 0.28 0.73 0.71 0.68 0.7 0.34 0.36 0.36 0.37 0.39 0.38 0.39 0.39 0.41 0.01 0.01 0.01 0.01 0.01 0.62 0.41 0.22 0.21 0.21 0.25 0.22 0.06 0.07 0.06 0.07 0.01 0.01 0.01 0.11 0.15 0.15 0.14 0.16 0 0 0 0 0 0 0 0 0 0 0 0 -9999 -9999 -9999 -9999 -9999 -9999 -9999 -9999 -9999 -9999
0.07 0.09 0.33 0.15 0.18 0.18 0.18 0.46 0.4 0.38 0.45 1.34 1.4 0.44 0.42 2.5 2.42 2.4 2.37 0 0 0 0 0 0.1 0.1 0.1 0.1 0.22 0.1 0.46 0.59 0.42 0.25 0.26 0.21 0.27 0.73 0.7 0.65 0.6 0.38 0.26 0.35 0.34 0.4 0.38 0.38 0.34 0.38 0.04 0.02 0.01 0.02 0.02 0.62 0.42 0.21 0.22 0.21 0.22 0.23 0.5 0.06 0.06 0.01 0.01 0.01 0.01 0.01 0.01 0.14 0.2 0.17 0 0 0 0 0 0 0 0 0 0 0 -9999 -9999 -9999 -9999 -9999 -9999 -9999 -9999 -9999 -9999 -9999
0.09 0.06 0.31 0.3 0.3 0.18 0.18 1.29 1.3 1.36 1.35 1.34 1.32 2.39 2.43 2.43 2.42 2.35 2.32 0.74 0.8 0.78 0.83 0.81 0.21 0.23 0.2 0 0 0 0 0 0 0.1 0.04 0.1 0.09 0.09 0.65 0.78 0.81 0.77 0.73 0.79 0.74 1.02 1 0.99 0.28 0.28 0.12 0.1 0.09 0.08 0.06 0 0 0.19 0.19 0.44 0.22 0.22 0.22 0.25 0.16 0.02 0.01 0.01 0.34 0.01 0.02 0.01 0.01 0.01 0 0 0 0 0 0 0 0 0 0 0 -9999 -9999 -9999 -9999 -9999 -9999 -9999 -9999 -9999 -9999 -9999
0.07 0.3 0.3 0.29 0.3 0.28 0.31 0.3 1.39 1.37 1.41 1.37 1.38 2.39 2.4 2.46 2.46 2.37 0.76 0.86 0.85 0.78 0.85 0.77 0.57 0.7 0.2 0 0 0 0 0 0 0.06 0.1 0.1 0.11 0.13 0.7 0.74 0.78 0.79 0.77 0.81 0.74 1.01 0.98 1.06 0.3 0.3 0.29 0.16 0.1 0.18 0.08 0 0 0.2 0.5 0.18 0.23 0.23 0.22 0.17 0 0.01 0.01 0.01 0.01 0.01 0.01 0.01 0.01 0 0 0 0 0 0 0 0 0 0 0 0 -9999 -9999 -9999 -9999 -9999 -9999 -9999 -9999 -9999 -9999 -9999
0.06 0.06 0.47 0.34 0.25 0.32 0.27 0.25 1.28 1.42 1.41 1.37 1.54 0.22 0.22 0.21 0.25 0.19 0.79 0.82 0.92 0.89 0.79 0.87 1.59 0.24 0.22 0 0 0 0 0 0 0.38 0.13 0.1 0.08 0.08 0.1 0.77 1.56 0.72 0.75 0.72 1.04 1.01 1.01 0.99 0.28 0.29 0.3 0.25 0.11 0.07 0.08 0 0 0.2 0.19 0.19 0.22 0.22 0.22 0.22 0 0 0.01 0.02 0.01 0.01 0.01 0.01 0.01 0 0 0 0 0 0 0 0 0 0 0 0 -9999 -9999 -9999 -9999 -9999 -9999 -9999 -9999 -9999 -9999 -9999
0.06 0.06 0.06 0.27 0.29 0.24 0.45 0.43 0.36 1.3 1.31 1.31 1.38 0.25 0.22 0.22 0.19 0.99 0.81 0.78 0.83 0.9 1.67 1.72 1.71 1.69 0.24 0 0 0 0 0 0 0.1 0.08 0.54 0.1 0.06 0.12 0.21 0.21 0.18 0.22 0.18 0.94 1.02 1.02 0.98 0.3 0.24 0.28 0.06 0.1 0.11 0.07 0 0 0.2 0.22 0.18 0 0 0 0 0 0 0 0.01 0.01 0.01 0.01 0.01 0.01 0 0 0 0 0 0 0 0 0 0 0 -9999 -9999 -9999 -9999 -9999 -9999 -9999 -9999 -9999 -9999 -9999 -9999
0.06 0.06 0.06 0.07 1.13 0.39 3.12 0.4 0.45 0.37 0.46 0.47 0.19 0.25 0.15 0.22 0.23 0.94 0.89 0.91 0.92 1.75 1.75 1.7 1.71 0.25 0.24 0 0 0 0 0 0 0.07 0.06 0.1 0.11 0.1 0.1 0.23 0.15 0.22 0.22 0.26 0.97 1 0.99 1.02 0.26 0.24 0.22 0.11 0.05 0.06 0.54 0.08 0 0.18 0.18 0 0 0 0 0 0 0 0 0 0 0 0.01 0.01 0 0 0 0 0 0 0 0 0 0 0 0 -9999 -9999 -9999 -9999 -9999 -9999 -9999 -9999 -9999 -9999 -9999 -9999
0.07 0.06 0.06 1.12 1.14 1.11 0.42 0.45 0.39 0.45 0.46 0.43 0 0 0.22 0.22 0.89 0.94 0.93 0.98 0.9 1.67 1.76 1.67 1.74 0.77 0.19 0.02 0.02 0.02 0.02 0.02 0.02 0 0 0 0 0.11 0.11 0.21 0.21 0.16 0.6 0.23 0.77 0.74 1.08 1.03 0.22 0.47 0.17 0.18 0.1 0.07 0.08 0.08 0 0.18 0.18 0 0 0 0 0 0 0 0 0 0 0 0 0 0 0 0 0 0 0 0 0 0 0 0 0 -9999 -9999 -9999 -9999 -9999 -9999 -9999 -9999 -9999 -9999 -9999 -9999
0.07 2.49 1.18 1.15 1.17 1.03 1.12 1.12 0.5 0.41 0.38 0 0 0 0 0 0.94 0.94 0.94 0.88 0.86 1.66 1.73 1.73 1.75 0.21 0.26 0.02 0.02 0.03 0.02 0.02 0.03 0 0 0 0 0.1 0.23 0.24 0.07 0.07 0.06 0.06 1.01 0.78 1.1 1.07 0.22 0.21 0.22 0.16 0.11 0.1 0.08 0.08 0.18 0.19 0.2 0 0 0 0 0 0 0 0 0 0 0 0 0 0 0 0 0 0 0 0 0 0 0 0 -9999 -9999 -9999 -9999 -9999 -9999 -9999 -9999 -9999 -9999 -9999 -9999 -9999
2.49 2.34 2.49 1.13 1.15 3.35 1.06 1.18 0.22 0.22 0 0 0 0 0 0.08 0.08 0.94 0.94 1.78 1.67 1.71 1.7 1.76 1.66 0.48 0.43 0.02 0.02 0.02 0.03 0.02 0.02 0 0 0 0 0 0.23 0.22 0.07 0.06 0.34 0.06 0.84 0.82 1.11 1.2 1.13 0.2 0.21 0.2 0.08 0.34 0.08 0.08 0.01 0.19 0 0 0 0 0 0 0 0 0 0 0 0 0 0 0 0 0 0 0 0 0 0 0 0 0 -9999 -9999 -9999 -9999 -9999 -9999 -9999 -9999 -9999 -9999 -9999 -9999 -9999
