output/人口密度1.txt
ncols         229
nrows         194
xllcorner     190233.87771154
yllcorner     2491447.1182891
cellsize      50
NODATA_value  -9999
[rows 50 to 99 of 194, columns 96 to 191 of 229]
0.62 0.7 0.61 1.01 1.02 1.18 1.08 1.19 1.19 0.14 0.1 0.29 0.14 0.06 0.09 0.1 0 0 0.05 0.06 0.05 0.05 0.05 0.02 0.02 0.02 0.06 0.06 0.06 0.03 0.03 0.03 2.09 2.14 2.11 2.06 0.53 0.44 0.52 0.5 0.46 0.1 0.14 0.15 0.53 0.14 0.14 0.01 0.01 0.14 0.14 0.14 0.14 0 0.01 0.02 0.01 0.06 0.08 0.07 0.06 0.06 0.06 0.06 0.06 0.06 0.08 0.06 0 0 0 0 0 0 0 0 0 0 0 0 0 0 0 0 0 0 0 0 0 0 0 0 0 0 0 0
0.72 0.67 0.68 1.11 1.04 0.99 1.07 1.26 1.26 1.25 0.13 0.14 0.14 0 0 0 0 0 0.05 0.38 0.06 0.05 0.05 0.02 0.02 0.02 0.06 0.06 0.06 0.03 0.03 0.03 0.03 0.03 0.04 0.12 0.14 0.09 0.13 0.14 0.12 0.13 0.15 0.14 0.01 0.01 0.01 0.01 0.01 0.01 0.12 0 0 0 0.01 0.01 0.01 0.07 0.06 0.06 0.07 0.06 0.08 0.06 0.06 0.06 0.06 0.06 0 0 0 0 0 0 0 0 0 0 0 0 0 0 0 0 0 0 0 0 0 0 0 0 0 0 0 0
0.64 0.64 0.68 0.69 1.1 1.09 1.06 1.26 1.26 1.26 0.14 0.06 0.07 0.06 0 0 0 0 0.02 0.05 0.63 0.07 0.04 0.02 0.02 0.02 0.06 0.06 0.06 0.03 0.03 0.03 0.02 0.04 0.03 0.13 0.1 1.24 0.12 0.13 0.15 0.14 0.01 0.14 0.01 0.01 0.01 0.01 0.01 0.01 0 0 0 0 0.01 0.01 0.01 0.11 0.1 0.11 0.12 0.09 0.08 0.06 0.14 0.1 0.11 0.08 0 0 0 0 0 0 0 0 0 0 0 0 0 0 0 0 0 0 0 0 0 0 0 0 0 0 0 0
0.66 0.66 0.63 0.7 1 0.95 0.96 1 0.98 0.06 0.06 0.06 0.06 0.06 0 0 0.02 0.03 0.03 0.06 0.06 0.05 0.05 0.02 0.34 0.02 0.05 0.06 0.06 0.04 0.04 0.03 0.03 0.05 0.03 0.13 0.13 0.15 0.09 0.15 0.01 0.01 0.9 0.02 0.01 0.01 0.01 0.01 0 0 0 0 0 0 0.01 0.01 0.01 0.12 0.11 0.11 0.12 0.06 0.1 0.13 0.12 0.11 0.11 0.13 0 0 0 0 0 0 0 0 0 0 0 0 0 0 0 0 0 0 0 0 0 0 0 0 0 0 0 0
1.11 0.66 0.63 0.98 0.93 1.01 1.02 0.99 1 0.06 0.07 0.06 0.07 0.06 0.03 0.02 0.03 0.02 0.03 0.06 0.05 0.06 0.05 0.02 0.02 0.02 0.06 0.06 0.07 0.04 0.03 0.03 0.03 0.03 0.03 0.13 0.13 0.07 0.07 0.13 0.01 0.02 0.01 0.02 0.01 0 0 0 0 0 0 0 0 0 0.01 0.11 0.01 0.11 0.11 0.11 0.09 0.12 0.11 0.11 0.11 0.06 0.11 0.12 0 0 0 0 0 0 0 0 0 0 0 0 0 0 0 0 0 0 0 0 0 0 0 0 0 0 0 0
0.68 0.7 0.98 0.97 1.02 0.92 0.94 0.99 0.98 0.96 0.06 0.05 0.05 0.26 0.02 0.03 0.02 0.03 0.02 0.02 0.05 0.05 0.05 0 0 0 0 0.03 0.04 0.06 0.06 0.06 0.05 0.03 0.04 0.12 0.13 0.13 0.07 0.12 0.01 0.01 0 0 0 0 0 0 0 0 0 0 0 0 0.04 0.07 0.05 0.12 0.1 0.11 0.11 0.11 0.11 0.11 0.09 0.12 0.07 0.07 0 0 0 0 0 0 0 0 0 0 0 0 0 0 0 0 0 0 0 0 0 0 0 0 0 0 0 0
0.07 0.08 0.95 0.99 0.95 0.98 0.88 0.98 0.98 0.97 0.07 0.06 0.06 0.06 0.02 0.02 0.03 0.02 0.02 0.08 0.08 0.08 0.07 0 0 0 0 0 0.03 0.04 0.06 0.06 0.06 0.06 0.06 0.06 0.06 0.06 0.06 0.06 0 0 0 0 0 0 0 0 0 0 0 0 0 0 0.04 0.04 0.04 0.12 0.13 0.08 0.1 0.06 0.1 0.06 0.06 0.06 0.1 0.07 0 0 0 0 0 0 0 0 0 0 0 0 0 0 0 0 0 0 0 0 0 0 0 0 0 0 0 0
0.08 0.08 0.94 0.97 0.99 0.96 1.01 1.03 0.99 0.86 0.97 0.07 0.05 0.06 0.07 0.04 0.04 0.04 0.08 0.08 0.08 0.08 0.08 0 0 0 0 0 0.04 0.04 0.07 0.06 0.06 0.06 0.06 0.06 0.06 0.64 0.06 0.06 0 0 0 0.02 0.02 0.02 0 0 0 0.03 0.04 0.04 0.05 0.04 0 0 0 0.02 0.02 0.02 0.11 0.01 0.02 0.02 0.02 0.13 0.11 0.02 0 0 0 0 0 0 0 0 0 0 0 0 0 0 0 0 0 0 0 0 0 0 0 0 0 0 0 0
0.08 0.08 1.04 0.99 0.91 0.95 0.95 0.96 1 0.93 0 0.04 0.05 0.04 0.05 0.04 0.06 0.04 0.05 0.08 0.06 0.08 0.08 0.08 0 0 0.04 0.04 0.03 0.04 0.06 0.06 0.06 0.06 0.05 0.06 0.07 0.38 0.12 0.12 0.02 0.02 0.02 0.02 0.02 0.02 0.43 0.02 0.03 0.02 0.05 0.04 0.03 0.05 0 0.34 0 0.02 0.02 0.02 0.02 0.02 0.02 0.02 0.02 0.02 0.02 0.02 0 0 0 0 0 0 0 0 0 0 0 0 0 0 0 0 0 0 0 0 0 0 0 0 0 0 0 0
0.08 0.08 0.08 1 0.94 0 0 0 0 0 0 0 0.04 0.04 0.05 0.04 0.04 0.03 0.04 0.08 0.08 0.08 0.08 0.08 0.04 0.04 0.05 0.04 0.03 0.03 0.03 0.06 0.05 0.05 0.05 0.26 0.11 0.06 0.07 0.08 0.02 0.02 0.02 0.02 0.02 0.02 0.02 0.02 0.03 0.02 0.04 1.24 0.04 0.04 0.11 0.12 0.07 0.02 0.02 0.02 0.02 0.02 0.02 0.02 0.02 0.02 0.02 0.02 0 0 0 0 0 0 0 0 0 0 0 0 0 0 0 0 0 0 0 0 0 0 0 0 0 0 0 0.01
1.87 1.81 1.86 0 0 0 0 0 0 0 0 0 0.05 0.04 0.04 0.04 0.05 0.04 0.05 0.08 0.07 0.08 0.08 0.08 0.04 0.04 0.06 0.04 0.05 0.03 0.03 0.05 0.17 0.05 0.05 0.06 0.1 0.06 0.18 0.11 0.02 0.02 0.02 0.03 0.02 0.02 0.02 0.02 0.02 0.02 0.02 0.04 0.04 0.04 0.11 0.73 0.11 0.02 0.02 0.02 0.02 0.02 0.02 0.02 0.02 0.02 0.02 0.02 0 0 0 0 0 0 0 0 0 0 0 0 0 0 0 0 0 0 0 0 0.01 0 0 0 0 0.01 0.01 0.01
1.8 1.85 1.81 0 0 0 0 0 0 0 0 0 0 0.04 0.03 0.04 0.05 0.05 0.06 0.06 0.08 0.05 0.04 0.04 0.04 0.05 0.04 0.04 0.04 0.04 0.03 0.05 0.05 0 0 0 0 0 0 0 0 0 0 0 0 0 0 0 0.04 0.04 0.05 0.04 0.04 0.04 0 0 0 0.02 0.02 0.02 0.02 0.02 0.02 0.02 0.02 0.02 0.02 0.02 0 0 0 0 0 0 0 0 0 0 0 0 0 0 0 0 0 0 0 0 0.01 0.01 0.03 0.03 0.01 0.01 0.01 0.01
1.77 1.72 1.85 1.82 1.82 0 0 0 0 0 0 0 0 0.04 0.06 0.06 0.06 0.06 0.06 0.06 0.06 0.06 0.04 0.04 0.9 0.04 0.1 0.1 0.12 0.03 0.03 0 0 0 0 0 0 0 0 0 0 0 0 0 0 0 0 0 0 0.04 0.12 0.04 0.04 0.05 0 0 0 0.02 0.02 0.02 0.02 0.02 0.02 0.02 0.02 0.02 0.02 0.03 0 0 0 0 0 0 0 0 0 0 0 0 0 0 0 0 0 0 0 0 0.01 0.01 0.03 0.03 0.13 0.08 0.01 0.01
1.85 1.82 1.87 1.82 1.78 1.91 0.14 0 0 0 0 0.05 0.06 0.05 0.06 0.07 0.06 0.06 0.06 0.06 0.06 0.05 0.04 0.1 0.11 0.12 0.12 0.06 0.12 0.11 0 0 0 0 0 0 0 0 0 0 0 0 0 0 0 0 0 0 0 0 0.04 0.04 0.05 0.05 0 0 0 0.02 0.02 0.02 0.02 0.02 0.02 0.02 0.02 0.02 0.02 0.02 0 0 0 0 0 0 0 0 0 0 0 0 0 0 0 0 0 0 0 0 0.01 0.02 0.1 0.11 0.12 0.12 0.14 0.01
0.14 1.85 1.78 1.86 1.81 1.81 0.1 0.1 0.09 0.14 0.05 0.25 0.05 0.06 0.06 0.06 0.06 0.05 0.05 0.06 0.06 0.12 0.11 0.07 0.1 0.1 0.13 0.07 0.07 0 0 0 0 0 0 0 0 0 0 0 0 0 0 0 0 0 0 0 0 0 0 0.04 0.04 0.01 0.01 0.01 0.01 0.02 0.02 0.02 0.02 0.02 0.02 0.02 0.02 0.02 0.02 0.02 0 0 0 0 0 0 0 0 0 0 0 0 0 0 0 0 0.36 0.44 0.26 0.22 0.28 0.23 0.22 0.13 0.19 0.12 0.12 0.01
0.18 0.14 0.11 1.89 1.82 1.88 1.81 0.14 0.16 0.14 0.15 0.06 0.12 0.12 0.11 0.06 0.06 0.06 0 0 0 0.1 0.1 0.1 0.1 0.11 0.13 0.12 0 0 0 0 0 0 0 0 0 0 0 0 0 0 0 0 0 0 0 0 0 0 0 0 0.01 0.01 0.22 0.01 0.01 0 0 0 0 0 0 0 0 0 0 0 0 0 0 0 0 0 0 0 0 0 0 0 0 0 0 0 0.38 0.34 0.28 0.31 0.27 0.16 0.18 0.16 0.14 0.08 0.16 0.14
0.17 0.1 0.07 0.07 0.11 1.84 1.87 0.14 0.14 0.1 0.06 0.12 0.34 0.12 0.11 0 0 0 0 0 0 0.1 0.12 0.11 0.1 0.1 0.11 0 0 0 0 0 0 0 0 0 0 0 0 0 0 0 0 0 0 0 0 0 0 0 0 0 0 0.01 0.01 0.01 0.01 0 0 0 0 0 0 0 0 0 0 0 0 0 0 0 0 0 0 0 0 0 0 0 0 0 0 0 0.3 0.37 0.27 0.26 0.26 0.25 0.1 0.15 0.16 0.04 0.06 0.05
0.06 0.1 0.1 0.1 0.1 0.06 1.87 1.93 0.1 0.1 0.11 0.11 0.11 0.11 0.11 0.18 0 0 0 0 0 0.12 0.1 0.1 0.1 0 0 0 0 0 0 0 0 0 0 0 0 0 0 0 0 0 0 0 0 0 0 0 0 0 0 0 0 0 0.01 0.01 0.01 0 0 0 0 0 0 0 0 0 0 0 0 0 0 0 0 0 0 0 0 0 0 0 0 0 0 0 0.38 0.38 0.46 0.3 0.29 0.17 0.38 0.37 0.29 0.05 0.05 0.05
0.03 0.07 0.06 0.1 0.08 0.1 0.04 3.02 3.06 0.11 0.12 0.12 0.08 0.18 0.18 0.11 0 0 0 0 0 0 0.1 0.1 0 0 0 0 0 0 0 0 0 0 0 0 0 0 0 0 0 0 0 0 0 0 0 0 0 0 0 0 0 0 0 0.01 0.01 0 0 0 0 0 0 0 0 0 0 0 0 0 0 0 0 0 0 0 0 0 0 0 0 0 0 0 0.31 0.38 0.26 0.25 0.17 0.23 0.11 0.18 0.07 0.05 0.05 0.06
0 0.07 0.14 0.06 0.13 0.04 0.03 0.02 2.98 3.1 3.05 0.14 0.18 0.18 0.13 0.14 0.18 0 0 0 0 0 0.08 0 0 0 0 0 0 0 0 0 0 0 0 0 0 0 0 0 0 0 0 0 0 0 0 0 0 0 0 0 0 0 0 0 0.01 0 0 0 0 0 0.37 0 0 0 0 0 0 0 0 0 0 0 0 0 0 0 0 0 0 0 0 0 0.38 0.32 0.19 0.22 0.26 0.11 0.08 0.14 0.15 0.05 0.06 0.06
0 0 0.06 0.05 0.04 0.03 0.11 0.03 0.05 0.06 3.02 0.18 0.18 0.17 0.29 0.08 0.08 0 0 0 0 0 0 0 0 0 0 0 0 0 0 0 0 0 0 0 0 0 0 0 0 0 0 0 0 0 0 0 0 0 0 0 0 0 0 0 0 0 0 0 0 0 0 0 0 0 0 0 0 0 0 0 0 0 0 0 0 0 0 0 0 0 0 0 0.38 0.36 0.22 0.24 0.18 0.1 0.21 0.18 0.18 0.05 0.05 0.06
0 0 0.26 0.04 0.04 0.03 0.03 0.06 0.06 0.06 3.05 0.17 0.08 0.08 0.22 0.08 0.08 0.08 0 0 0 0 0 0 0 0 0 0 0 0 0 0 0 0 0 0 0 0 0 0 0 0 0 0 0 0 0 0 0 0 0 0 0 0 0 0 0 0.17 0.18 0.15 0.16 0.17 0.17 0.16 0.12 0.12 0.15 0.17 0.01 0.01 0.01 0.01 0.01 0.01 0 0 0 0 0 0 0 0 0 0 0.44 0.45 0.26 0.26 0.23 0.15 0.14 0.15 0.15 0.16 0.14 0.14
0 0 0.04 0.04 0.05 0.04 0.06 0.06 0.04 0.06 0.06 1.93 1.94 0.08 0.08 0.59 0.07 0.08 0 0 0 0 0 0 0 0 0 0 0 0 0 0 0 0 0 0 0 0 0 0 0 0 0 0 0 0 0 0 0 0 0 0 0 0 0 0 0 0.15 0.16 0.16 0.17 0.16 0.13 0.08 0.16 0.15 0.12 0.14 0.01 0.01 0.01 0.01 0.01 0.01 0 0 0 0 0 0 0 0 0 0 0.38 0.5 0.26 0.23 0.29 0.1 0.14 0.15 0.1 0.15 0.1 0.09
0 0 0 0.04 0.03 0.04 0.05 0.4 0.07 0.06 0.06 0.06 1.98 0.08 0.08 0.08 0.08 0.08 0.1 0 0 0 0 0 0 0 0 0 0 0 0 0 0 0 0 0 0 0 0 0 0 0 0 0 0 0 0 0 0 0 0 0 0 0 0 0 0 0.17 0.08 0.18 0.18 0.17 0.16 0.17 0.17 0.16 0.1 0.14 0.01 0.01 0.01 0.02 0.01 0.01 0 0 0 0 0 0 0 0 0 0 0.38 0.39 0.26 0.02 0.02 0.15 0.11 0.15 0.16 0.1 0.11 0.1
0 0 0 0 0.04 0.04 0.04 0.06 0.09 0.05 0.04 0.04 0.11 0.1 0.11 0.06 0.11 0.08 0.1 0 0 0 0 0 0 0 0 0 0 0 0 0 0 0 0 0 0 0 0 0 0 0 0 0 0 0 0 0 0 0 0 0 0 0 0 0 0 0.1 0.15 0.15 0.17 0.11 0.16 0.17 0.18 0.15 0.17 0.17 0.01 0.01 0.01 0.02 0.01 0.01 0 0 0 0 0 0 0 0 0 0 0.46 0.46 0.26 0.02 0.02 0.1 0.15 0.18 0.15 0.16 0.1 0.09
0 0 0 0.14 0.26 0.23 0.26 0.28 0.04 0.04 0.06 0.04 0.05 0.06 0.11 0.11 0.98 0.1 0.2 0 0 0 0 0 0 0 0 0 0 0 0 0 0 0 0 0 0 0 0 0 0 0 0 0 0 0 0 0 0 0 0 0 0 0 0 0 0 0.11 0.14 0.17 0.17 0.17 0.14 0.14 0.14 0.17 0.14 0.13 0.01 0.01 0.01 0.01 0.01 0 0 0 0 0 0 0 0 0 0 0 0.4 0.44 0.27 0.02 0.02 0.1 0.1 0.14 0.14 0.1 0.1 0.1
0 0.14 0.14 0.14 0.14 0.27 0.27 0.6 0.24 0.05 0.05 0.34 0.04 0.26 0.6 0.35 0.13 0.19 0.18 0 0 0 0 0 0 0 0 0 0 0 0 0 0 0 0 0 0 0 0 0 0 0 0 0 0 0 0 0 0 0 0 0 0 0 0 0 0 0.17 0.14 0.18 0.12 0.16 0.9 0.14 0.14 0.17 0.15 0.16 0.01 0.01 0.01 0.01 0.01 0 0 0 0 0 0 0 0 0 0 0 0.42 0.47 0.22 0.02 0.02 0.06 0.11 0.14 0.1 0.11 0.1 0.1
0.32 0.17 0.4 0.15 0.14 0.27 0.27 0.26 0.34 0 0 0 0 0.29 0.38 0.27 0.18 0.17 0.18 0 0 0 0 0 0 0 0 0 0 0 0 0 0 0 0 0 0 0 0 0 0 0 0 0 0 0 0 0 0 0 0 0 0 0 0 0 0 0.16 0.18 0.17 0.1 0.18 0.16 0.18 0.17 0.18 0.18 0.16 0.01 0.01 0.01 0.02 0.01 0 0 0 0 0 0 0 0 0 0 0 0.44 0.45 0.29 0.28 0.02 0.13 0.15 0.09 0.1 0.07 0.3 0.1
0.46 0.07 0.14 0.14 0.49 0.14 0.27 0.14 0.14 0.14 0 0 0 0 0 0 0 0 0 0 0 0 0 0 0 0 0 0 0 0 0 0 0 0 0 0 0 0 0 0 0 0 0 0 0 0 0 0 0 0 0 0 0 0 0 0 0 0.18 0.12 0.15 0.15 0.18 0.19 0.16 0.17 0.14 0.08 0.16 0.02 0.01 0.01 0.01 0.02 0 0 0 0 0 0 0 0 0 0 0 0.47 0.45 0.31 0.34 0.15 0.16 0.1 0.09 0.1 0.06 0.09 0.07
0.29 0.14 0.14 0.07 0.07 0.13 0.07 0.12 0.17 0.22 0 0 0 0 0 0 0 0 0 0 0 0 0 0 0 0 0 0 0 0 0 0 0 0 0 0 0 0 0 0 0 0 0 0 0 0 0 0 0 0 0 0 0 0 0 0 0 0.01 0.01 0.01 0.01 0.16 0.1 0.14 0.16 0.16 0.14 0.16 0.02 0.02 0.02 0.02 0.02 0.02 0 0 0 0 0 0 0 0 0 0 0.44 0.38 0.34 0.14 0.1 0.11 0.1 0.09 0.1 0.1 0.1 0.1
0.32 0.07 0.07 0.07 0.08 0.08 0.08 0.1 0.07 0.09 0 0 0 0 0 0 0 0 0 0 0 0 0 0 0 0 0 0 0 0 0 0 0 0 0 0 0 0 0 0 0 0 0 0 0 0 0 0 0 0 0 0 0 0 0 0 0 0.01 0.01 0.01 0.01 0.16 0.18 0.18 0.18 0.17 0.09 0.17 0.02 0.02 0.02 0.02 0.02 0.02 0 0 0 0 0 0 0 0 0 0 0.43 0.48 0.28 0.1 0.14 0.03 0.06 0.1 0.1 0.09 0.1 0.1
0.3 0.31 0.07 0.07 0.07 0.07 0.07 0.07 0.06 0.07 0.34 0.33 0.32 0.02 0.13 0.02 0.02 0.03 0.02 0 0 0 0 0 0 0 0 0 0 0 0 0 0 0 0 0 0 0 0 0 0 0 0 0 0 0 0 0 0 0 0 0 0 0 0 0 0 0.02 0.01 0.01 0.01 0.18 0.16 0.17 0.12 0.18 0.17 0.17 0.01 0.02 0.02 0.02 0.02 0.02 0 0 0 0 0 0 0 0 0 0 0 0 0 0 0.29 0.3 0.31 0.38 0.36 0.38 0.28 0.34
0.27 0.3 0.06 0.06 0.07 0.08 0.06 0.06 0.06 0.08 0.34 0.36 0.36 0.03 0.03 0.02 0.03 0.02 0.02 0 0 0 0 0 0 0 0 0 0 0 0 0 0 0 0 0 0 0 0 0 0 0 0 0 0 0 0 0 0 0 0 0 0 0 0 0 0 0.01 0.01 0.02 0.18 0.17 0.12 0.59 0.16 0.16 0.14 0.16 0.02 0.02 0.02 0.02 0.02 0.02 0 0 0 0 0 0 0 0 0 0 0 0 0 0 0.33 0.26 0.26 0.35 0.35 0.38 0.35 0.3
0.22 0.2 0.08 0.08 0.07 0.08 0.06 0.07 0.06 0.06 0.31 0.34 0.35 0.34 0.02 0.02 0.03 0.03 0.02 0 0 0 0 0 0 0 0 0 0 0 0 0 0 0 0 0 0 0 0 0 0 0 0 0 0 0 0 0 0 0 0 0 0 0 0 0 0 0.16 0.17 0.17 0.07 0.11 0.17 0.12 0.18 0.16 0.16 0.15 0.02 0.02 0.03 0.02 0.02 0.02 0 0 0 0 0 0 0 0 0 0 0 0 0 0.41 0.4 0.36 0.38 0.39 0.38 0.33 0.33 0.38
0.17 0.22 0.08 0.05 0.07 0.06 0.06 0.07 0.07 0.06 0.28 0.34 3.81 3.68 0.02 0.02 0.02 0.02 0.03 0 0 0 0 0 0 0 0 0 0 0 0 0 0 0 0 0 0 0 0 0 0 0 0 0 0 0 0 0 0 0 0 0 0 0 0 0 0 0.15 0.18 0.17 0.16 0.18 0.18 0.17 0.12 0.17 0.16 0.18 0.12 0.06 0.11 0.02 0.02 0 0 0 0 0 0 0 0 0 0 0 0 0 0.12 0.1 0.12 0.11 0.11 0.51 0.42 0.4 0.36 0.38
0.14 0.17 0.06 0.06 0.06 0.06 0.06 0.47 0.06 0.06 0.36 3.82 3.74 3.87 0.02 0.02 0.07 0.07 0.07 0 0 0 0 0 0 0 0 0 0 0 0 0 0 0 0 0 0 0 0 0 0 0 0 0 0 0 0 0 0 0 0 0 0 0 0 0 0 0.16 0.17 0.17 0.16 0.13 0.11 0.16 0.17 0.19 0.17 0.15 0.11 0.12 0.17 0.02 0.02 0 0 0 0 0 0 0 0 0 0 0 0 0.08 0.11 0.06 0.12 0.06 0.12 0.05 0.13 0.06 0.12 0.1
0.12 0.15 0.17 0.06 0.06 0.04 0.07 0.06 0.06 0.06 3.82 3.8 3.64 0.19 0.08 0.07 0.08 0.14 0.07 0 0 0 0 0 0 0 0 0 0 0 0 0 0 0 0 0 0 0 0 0 0 0 0 0 0 0 0 0.01 0.01 0.01 0.01 0.01 0.06 0.11 0.12 0.11 0.1 0.15 0.18 0.16 0.1 0.16 0.1 0.14 0.14 0.17 0.18 0.16 0.12 0.11 0.11 0.02 0.02 0 0 0 0 0 0 0 0 0 0 0 0 0.26 0.3 0.22 0.23 0.24 0.26 0.26 0 0 0 0
0.32 0.12 0.19 0.06 0.08 0.07 0.06 0.06 0.06 0.14 0.22 3.81 0.2 0.24 0.5 0.09 0.07 0.05 0.06 0 0 0 0 0 0 0 0 0 0 0 0 0 0 0 0 0 0 0 0 0 0 0 0 0 0 0 0 0.01 0.01 0.01 0.01 0.02 0.8 0.12 0.11 0.14 0.1 0.15 0.15 0.1 0.1 0.16 0.09 0.11 0.11 0.12 0.11 0.11 0 0 0 0 0 0 0 0 0 0 0 0 0 0 0 0 0 0.3 0.26 0.3 0.25 0.24 0.24 0.26 0 0 0 0
0.16 0.18 0.18 0.07 0.07 0.17 0.19 0.18 0.25 0.17 0.24 0.22 0.17 0.03 0.06 0.06 0.06 0.06 0.06 0 0 0 0 0 0 0 0 0 0 0 0 0 0 0 0 0 0 0 0 0 0 0 0 0 0 0 0 0.01 0.01 0.01 0.01 0.01 0.07 0.11 0.11 0.12 0.1 0.15 0.16 0.16 0.17 0.1 0.09 0.09 0.11 0.07 0.11 0.11 0 0 0 0 0 0 0 0 0 0 0 0 0 0 0 0 0 0.29 0.28 0.25 0.23 0.21 0.32 0.2 0 0 0 0
0.16 0.14 0.13 0.18 0.17 0.17 0.18 0.12 0.11 0.06 0.03 0.03 0.03 0.03 0.06 0.06 0.26 0.1 0.12 0 0 0 0 0 0 0 0 0 0 0 0 0 0 0 0 0 0 0 0 0 0 0 0 0 0 0 0 0.01 0.01 0.01 0.01 0.01 0.07 0.11 0.11 0.11 0.1 0 0 0 0.15 0.11 0.14 0.13 0.11 0.22 0.14 0.12 0 0 0 0 0 0 0 0 0 0 0 0 0 0 0 0 0 0.24 0.26 0.3 0.19 0.18 0.29 0.26 0 0 0 0
0.17 0.17 0.16 0.17 0.11 0.06 0.06 0.06 0.07 0.06 0.03 0.03 0.03 0.03 0.09 0.14 0.14 0.08 0.1 0.03 0.06 0.07 0.07 0.07 0 0 0.09 0.07 0.07 0.07 0.08 0 0 0 0 0 0 0 0 0 0 0 0 0 0 0 0 0.02 0.02 0.02 0.02 0.02 0.02 0.02 0.02 0.02 0.02 0 0 0.15 0 0.11 0.1 0.1 0.11 0.12 0.11 0.11 0 0 0 0 0 0 0 0 0 0 0 0 0 0 0 0 0 0.29 0.3 0.29 0.24 0.23 0.28 0.25 0 0 0 0
0.18 0.18 0.04 0.03 0.03 0.05 0.06 0.06 0.06 0.31 0.03 0.15 0.03 0.03 0.12 0.39 0.14 0.06 3.58 0.07 0.03 0.07 0.07 0.08 0 0 0.08 0.07 0.07 0.1 0.07 0 0 0 0 0 0 0 0 0 0 0 0 0 0 0 0 0.02 0.02 0.02 0.38 0.02 0.02 0.02 0.02 0.02 0.02 0.18 0.14 0.18 0.18 0.17 0.06 0.1 0.14 0.1 0.14 0.11 0 0 0 0 0 0 0 0 0 0 0 0 0 0 0 0 0 0.23 0.28 0.21 0.23 0.27 0.08 0.08 0.07 0.08 0.07 0.07
0.04 0.03 0.03 0.03 0.03 0.06 0.06 0.06 0.06 0.06 0.02 0.02 0.02 0.02 0 0 0 0 0 0.07 0.08 0.02 0.07 0.07 0 0 0.07 0.07 0.07 0.07 0.07 0 0 0 0 0 0 0 0 0 0 0 0 0 0 0 0 0.02 0.02 0.02 0.02 0.02 0.02 0.02 0.36 0.02 0.02 0.17 0.17 0.17 0.19 0.16 0.08 0.1 0.1 0.14 0.11 0.18 0 0 0 0 0 0 0 0 0 0 0 0 0 0 0 0 0 0.28 0.27 0.28 0.28 0.3 0.06 0.08 0.07 0.09 0.08 1.19
0.04 0.48 0.03 0.03 0.03 0.03 0.06 0.06 0.06 0.07 0.01 0.02 0.02 0.02 0 0 0 0 0 0.07 0.09 0.07 0.08 1.24 0 0 0.08 0.07 0.09 0.07 0.07 0 0 0 0 0 0 0 0 0 0 0 0 0 0 0 0 0.02 0.02 0.02 0.02 0.02 0.02 0.02 0.02 0.01 0.02 0.08 0.19 0.18 0.13 0.14 0.17 0.42 0.14 0.15 0.1 0.1 0 0 0 0 0 0 0.66 0 0 0 0 0 0 0 0 0 0 0.3 0.23 0.24 0.29 0.28 0.07 0.08 0.08 0.07 0.08 0.07
0.18 0.19 0.02 0.03 0.17 0.18 0.06 0.05 0.07 0.46 0.02 0.02 0.02 0.02 0 0 0 0 0.03 0.07 0.06 0.06 0.06 0.06 0 0 0.08 0.08 0.08 0.08 0.08 0 0 0 0 0 0 0 0 0 0 0 0 0 0 0 0 0 0 0 0 0 0.01 0.01 0.01 0.01 0.01 0.27 0.29 0.22 0.22 0.43 0.54 0.53 0.06 0.06 0.06 0.06 0.62 0.67 0.64 0.63 0.58 0.65 0.65 0.28 0.22 0.26 0.29 0 0 0 0 0 0 0.26 0.2 0.3 0.23 0.29 0.11 0.08 0.06 0.07 0.06 0.07
0.18 0.19 0.18 0.25 0.18 0.17 0.06 0.06 0.06 0.06 0.1 0.05 0.22 0.04 0.03 0.03 0.12 0.03 0.03 0.06 0.06 0.05 0.06 0.06 0 0 0.08 0.08 0.08 0.08 0.08 0 0 0 0 0 0 0 0 0 0 0 0 0 0 0 0 0 0 0 0 0 0.01 0.01 0.01 0.01 0.01 0.26 0.28 0.27 0.26 0.54 0.72 0.5 0.06 0.06 0.13 0.06 0.65 0.66 0.57 0.62 0.62 0.62 0.62 0.27 0.26 0.25 0.25 0 0 0 0 0 0 0.26 0.3 0.3 0.3 0.3 0.37 0.09 0.08 0.07 0.07 0.07
0.19 0.21 0.14 0.13 0.09 0.06 0.1 0.08 0.06 0.07 0.06 0.04 0.04 0.04 0.04 0.03 0.03 0.38 0.03 0.06 0.06 0.06 0.06 0.24 0 0 0.08 0.08 0.08 0.08 0.08 0 0 0 0 0 0 0 0 0 0 0 0 0 0 0 0 0 0 0 0 0 0.01 0.01 0.44 0.01 0.01 0.01 0.06 0.39 0.06 0.4 0.34 0.38 0.06 0.06 0.06 0.06 0.66 0.66 0.57 0.68 0.66 0.62 0.66 0.26 0.26 0.19 0.28 0 0 0 0 0 0 0.25 0.23 0.28 0.28 0.29 0.3 0.1 0.1 0.1 0.06 0.06
0.1 0.14 0.09 0.09 0.1 0.09 0.1 0.07 0.06 0.59 0.07 0.11 0.11 0.1 0.04 0.03 0.14 0.14 0.14 0.06 0.06 0.06 0.06 0.07 0 0 0.08 0.08 0.08 0.08 0.08 0 0 0 0 0 0 0 0 0 0 0 0 0 0 0 0 0 0 0 0 0 0.01 0.01 0.01 0.01 0.01 0.01 0.06 0.07 0.06 0.38 0.38 0.38 0.33 0.06 0.06 0.06 0.62 0.6 0.68 0.68 0.65 0.7 0.65 0.26 0.28 0.22 0 0 0 0 0 0 0 0.29 0.3 0.27 0.36 0.3 0.24 0.1 0.1 0.1 0.07 0.06
0.1 0.1 0.06 0.08 0.1 0.09 0.09 0.06 0.06 0.06 0.1 0.1 0.24 0.07 0.12 0.12 0.16 0.1 0.16 0.06 0.06 0.06 0.06 0.06 0 0 0.08 0.08 0.08 0.08 0.08 0 0 0 0 0 0 0 0 0 0 0 0 0 0 0 0 0 0 0 0 0 0.01 0.01 0.01 0.01 0.01 0.01 0.06 0.06 0.06 0.38 0.39 0.35 0.34 0.06 0.06 0.06 0.06 0.08 0.06 0.06 0.06 0.02 0.51 0.52 0.5 0.42 0 0 0 0 0 0 0 0.26 0.28 0.15 0.26 0.3 0.29 0.1 0.05 0.09 0.06 0.06
0.05 0.09 0.11 0.1 0.09 0.1 0.09 0.09 0.06 0.06 0.1 0.1 0.11 0.1 0.13 0.14 0.5 0.14 0.14 0 0 0 0 0 0 0 0 0 0 0 0 0 0 0 0 0 0 0 0 0 0 0 0 0 0 0 0 0 0 0 0 0 0 0 0 0 0 0 0.22 0.24 0.24 0.16 0.18 0 0 0.06 0.06 0.06 0.07 0.08 0.06 0.06 0.06 0.06 0.47 0.52 0.48 0.43 0 0 0 0 0 0 0 0.27 0.2 0.23 0.26 0.28 0.29 0.1 0.2 0.09 0.06 0.06
